          10          10           1
           4 ::place::::  -0.17527500     -0.17073169      0.11363845      0.14033364     -0.11730316     -0.13301030      8.59744698E-02  6.95120245E-02  0.12450497      9.63944942E-02  3.52561772E-02  0.10085575     -7.74967447E-02 -1.68536901E-02 -9.77066159E-03 -3.63159627E-02 -9.81956050E-02  0.19625078     -2.05676556E-02 -3.14208865E-03 -0.16361050      0.10632749     -0.11157937      0.19921757      0.14958583     -0.17558718     -0.18635724      0.14138900     -3.93279344E-02  2.36456096E-02  0.16020356     -0.14544959      0.11174409      7.83881098E-02  0.18373062     -6.41950667E-02  7.51554221E-02 -1.71423703E-02
           4 ::speed::::   3.90233519E-03  2.59694643E-02  2.66206842E-02  6.62437920E-03 -1.83063075E-02  4.11068462E-03  8.74749664E-03  2.59100199E-02  3.98888439E-02  3.80400382E-02  5.99406753E-03  3.22012678E-02  2.61629503E-02 -1.06014544E-02  1.31178144E-02  2.61210445E-02  1.47242937E-02  3.36977877E-02 -4.30272100E-03 -1.58466976E-02  2.29757931E-02  1.53359175E-02 -2.99717188E-02 -3.78488228E-02  1.85358915E-02  1.46530112E-02  6.14759000E-03  2.33439635E-02 -3.42626561E-04  3.02395364E-03 -3.90857272E-02 -2.68316809E-02 -2.83084493E-02 -3.62937078E-02  2.20654644E-02 -5.21934032E-03 -1.65813451E-03 -2.98175495E-02
           4 ::place::::   1.48465037E-02  0.63434702      0.56791937      0.68447411      0.17538798      0.38712651      0.53213346      0.83158439      0.65265411      0.23736471      0.70793426      0.15653092      0.73543197      0.21624750      0.97423923      0.12161493      0.69419587      0.70792007      0.32006872      0.54896510      0.88925046      0.37864500      0.35877728      0.67806619      0.43056065      5.11826873E-02  0.23684156      0.86275744      0.82077575      0.71317023      0.89701807      0.55336702      0.50199121      0.29106545      0.51775473      3.48635316E-02  0.80154037      0.70368981    
           4 ::speed::::  -2.93108467E-02  8.87916908E-02 -5.80101274E-02  5.97944250E-03 -3.74083631E-02  5.96694611E-02 -7.22658634E-02  3.16454172E-02  5.40676229E-02  5.84328198E-04 -4.78098392E-02 -6.70032129E-02 -4.81782667E-02  6.29450455E-02  6.41186014E-02 -3.15041654E-02 -7.96911120E-02  4.40759547E-02  3.51424217E-02  5.24103418E-02  2.79990081E-02  1.36677502E-02  7.78087303E-02  2.72594225E-02 -7.06048384E-02 -4.75377329E-02  8.78464356E-02 -1.14954717E-03  2.70957705E-02  1.38891703E-02  4.42401767E-02 -9.94975585E-03  5.96279278E-02  1.92894938E-03 -2.84545310E-02  8.55238363E-02 -6.44819885E-02 -6.34748489E-02
           4 ::place::::    378.93155       72.264633       312.28958       261.83423       120.45041       275.49896       76.390991       327.64136       343.02014       93.715622       400.35806       354.64496       259.40936       252.95311       115.86557       364.16431       417.49194       112.83904       354.13727       382.35669       154.85001       241.93982       65.392426       225.81824       122.18068       429.94757       275.44528       272.62564       418.99011       69.037399       130.13208       357.78656       350.70297       99.393135       357.58163       334.75760       60.475380       326.63388    
           4 ::speed::::    18.531475       34.557381      -33.494331      -36.728802       2.5587368       26.049444       11.045103       20.847801      -31.201679       38.550598       4.2723703      -13.742147       7.5506644      -33.976028       39.504395      -1.4067698      -1.6006708       9.6858072      -38.229473      -29.487822      -20.281740       12.948318       25.206709      -13.072777       10.479479      -16.177441       33.880287       5.4651690       7.2110848      -20.572090      -23.806801       32.249496       1.4243793       7.6784806      -23.079586      -1.0368347      -3.5285380       33.584236    
           4 ::place::::    1.5882580      0.36549366       1.9391721       1.9193772       1.6156383      0.47271085       1.8807281       1.4310533       1.6122028      0.46087301       1.4868312      0.29482615       1.0010324      0.47583282       1.          10          10           1
6771281      0.85686088       1.8299133       1.5756025       1.3954258       1.0850921      0.50562227       1.8328040      6.21532202E-02   1.0238980      0.83638823       1.5607350      0.76096916       1.2823761       1.0001148       1.0006750       1.9651289       1.0042943       1.9048102       1.3455824       1.9944737       1.2020719      0.16698372       1.2108132    
           4 ::speed::::  -0.16443565      0.10907443     -3.45475450E-02 -0.19877298     -4.81287725E-02 -8.61453339E-02 -0.15182832      0.10348990      0.18531147     -0.11385780      3.02716251E-02  8.64582062E-02 -1.31928688E-02 -0.11549492     -0.14528047      6.85041174E-02 -0.17304368     -0.19623995     -4.32884693E-03 -9.22354683E-02 -0.15860596     -6.36522546E-02 -0.19748406     -1.22924810E-02  2.29918957E-02 -0.16363452      2.60510687E-02 -5.79929836E-02 -9.69200879E-02  0.12060287      8.74476954E-02 -0.10264891     -0.14164834     -0.10528970     -5.65005541E-02  0.19344237      1.40155796E-02 -0.14275804    
           2 ::place::::  -0.17527500     -0.17073169      0.11363845      0.14033364     -0.11730316     -0.13301030      8.59744698E-02  6.95120245E-02  0.12450497      9.63944942E-02  3.52561772E-02  0.10085575     -7.74967447E-02 -1.68536901E-02 -9.77066159E-03 -3.63159627E-02 -9.81956050E-02  0.19625078     -2.05676556E-02 -3.14208865E-03 -0.16361050      0.10632749     -0.11157937      0.19921757      0.14958583     -0.17558718     -0.18635724      0.14138900     -3.93279344E-02  2.36456096E-02  0.16020356     -0.14544959      0.11174409      7.83881098E-02  0.18373062     -6.41950667E-02  7.51554221E-02 -1.71423703E-02
           2 ::speed::::   3.90233519E-03  2.59694643E-02  2.66206842E-02  6.62437920E-03 -1.83063075E-02  4.11068462E-03  8.74749664E-03  2.59100199E-02  3.98888439E-02  3.80400382E-02  5.99406753E-03  3.22012678E-02  2.61629503E-02 -1.06014544E-02  1.31178144E-02  2.61210445E-02  1.47242937E-02  3.36977877E-02 -4.30272100E-03 -1.58466976E-02  2.29757931E-02  1.53359175E-02 -2.99717188E-02 -3.78488228E-02  1.85358915E-02  1.46530112E-02  6.14759000E-03  2.33439635E-02 -3.42626561E-04  3.02395364E-03 -3.90857272E-02 -2.68316809E-02 -2.83084493E-02 -3.62937078E-02  2.20654644E-02 -5.21934032E-03 -1.65813451E-03 -2.98175495E-02
           2 ::place::::   1.48465037E-02  0.63434702      0.56791937      0.68447411      0.17538798      0.38712651      0.53213346      0.83158439      0.65265411      0.23736471      0.70793426      0.15653092      0.73543197      0.21624750      0.97423923      0.12161493      0.69419587      0.70792007      0.32006872      0.54896510      0.88925046      0.37864500      0.35877728      0.67806619      0.43056065      5.11826873E-02  0.23684156      0.86275744      0.82077575      0.71317023      0.89701807      0.55336702      0.50199121      0.29106545      0.51775473      3.48635316E-02  0.80154037      0.70368981    
           2 ::speed::::  -2.93108467E-02  8.87916908E-02 -5.80101274E-02  5.97944250E-03 -3.74083631E-02  5.96694611E-02 -7.22658634E-02  3.16454172E-02  5.40676229E-02  5.84328198E-04 -4.78098392E-02 -6.70032129E-02 -4.81782667E-02  6.29450455E-02  6.41186014E-02 -3.15041654E-02 -7.96911120E-02  4.40759547E-02  3.51424217E-02  5.24103418E-02  2.79990081E-02  1.36677502E-02  7.78087303E-02  2.72594225E-02 -7.06048384E-02 -4.75377329E-02  8.78464356E-02 -1.14954717E-03  2.70957705E-02  1.38891703E-02  4.42401767E-02 -9.94975585E-03  5.96279278E-02  1.92894938E-03 -2.84545310E-02  8.55238363E-02 -6.44819885E-02 -6.34748489E-02
          10          10           1
           2 ::place::::    378.93155       72.264633       312.28958       261.83423       120.45041       275.49896       76.390991       327.64136       343.02014       93.715622       400.35806       354.64496       259.40936       252.95311       115.86557       364.16431       417.49194       112.83904       354.13727       382.35669       154.85001       241.93982       65.392426       225.81824       122.18068       429.94757       275.44528       272.62564       418.99011       69.037399       130.13208       357.78656       350.70297       99.393135       357.58163       334.75760       60.475380       326.63388    
          10          10           1
           1 ::place::::  -9.35460851E-02  0.13691832     -7.84501061E-02 -0.13394344     -0.16994777      7.51489550E-02  0.15366219      0.12952279     -4.65143472E-02 -2.16928124E-03  0.10632111      7.15231448E-02  0.17548706      0.18092887      0.17238076      8.20406824E-02 -0.10249574     -0.10109601     -0.16058061     -6.65505379E-02 -0.11188912     -0.19103251     -0.15130547     -6.01503253E-03  0.11023645     -0.17001183     -0.16386659     -0.18574099     -1.06541216E-02 -0.14091134     -5.66900522E-02 -9.15114880E-02 -6.89932853E-02  2.90974677E-02 -7.34637678E-02 -9.55536962E-03  0.10069089     -3.82341146E-02
           1 ::speed::::  -5.77222835E-03 -1.62815489E-02 -1.70445448E-04 -9.62928310E-03  3.80480778E-03 -3.48990448E-02  2.19857749E-02 -1.57850552E-02  3.71343195E-02 -2.14206129E-02 -2.95601226E-02  3.87493223E-02 -8.89308006E-03  3.88065316E-02  2.59235688E-02 -2.68284883E-02 -1.09196668E-02 -3.39892693E-02  3.78002413E-02  1.33841755E-02 -9.67745762E-03  2.01966204E-02  3.30380164E-02 -2.50694659E-02  4.68317559E-03 -2.09645554E-02  1.09703019E-02  2.33991668E-02  1.36333276E-02 -1.34157657E-03  2.08130828E-03  1.84137356E-02  9.22727119E-03  3.53130735E-02  9.75276064E-03 -1.08247763E-03  3.06751560E-02  2.31915480E-03
           1 ::place::::   0.11872065      0.79093111      0.61765051      0.24940646      0.47663939      0.22461158      0.22854596      0.81870610      0.50255799      0.88969040      7.71446824E-02  0.72013634      0.58832532      0.39680052      0.61530215      0.95399117      0.98246658      0.41121691      0.15466177      0.50122833      0.86738098      0.83550835      0.76456910      0.14990664      0.94775486      0.84624344      0.26732069      0.78499746      0.69144696      0.81267583      0.74314499      0.33468240      0.86385977      0.92118084      1.92432404E-02  0.88659960      0.18024099      0.15381020    
           1 ::speed::::  -6.83115749E-03  9.18321013E-02 -6.34859577E-02  2.79632695E-02  2.06161733E-03 -4.65904586E-02 -9.76291671E-02 -1.04368208E-02  2.19305400E-02 -5.95061071E-02  4.88463156E-02  1.57901999E-02  4.89660017E-02 -9.27498117E-02 -1.86778437E-02 -4.56803106E-02 -6.63939640E-02  2.07563043E-02 -4.22174335E-02 -2.31748577E-02 -5.20393141E-02  1.79047473E-02 -9.47060734E-02  5.67316897E-02  3.82040744E-03  6.07130537E-03 -6.22907281E-02 -4.30228701E-03  2.48677023E-02  3.82775068E-02  1.29668955E-02 -8.77555236E-02 -5.59233800E-02 -2.00841073E-02 -2.22130176E-02  2.54348051E-02  2.34005451E-02 -6.05706684E-02
          10          10           1
           7 ::place::::  -9.35460851E-02  0.13691832     -7.84501061E-02 -0.13394344     -0.16994777      7.51489550E-02  0.15366219      0.12952279     -4.65143472E-02 -2.16928124E-03  0.10632111      7.15231448E-02  0.17548706      0.18092887      0.17238076      8.20406824E-02 -0.10249574     -0.10109601     -0.16058061     -6.65505379E-02 -0.11188912     -0.19103251     -0.15130547     -6.01503253E-03  0.11023645     -0.17001183     -0.16386659     -0.18574099     -1.06541216E-02 -0.14091134     -5.66900522E-02 -9.15114880E-02 -6.89932853E-02  2.90974677E-02 -7.34637678E-02 -9.55536962E-03  0.10069089     -3.82341146E-02
           7 ::speed::::  -5.77222835E-03 -1.62815489E-02 -1.70445448E-04 -9.62928310E-03  3.80480778E-03 -3.48990448E-02  2.19857749E-02 -1.57850552E-02  3.71343195E-02 -2.14206129E-02 -2.95601226E-02  3.87493223E-02 -8.89308006E-03  3.88065316E-02  2.59235688E-02 -2.68284883E-02 -1.09196668E-02 -3.39892693E-02  3.78002413E-02  1.33841755E-02 -9.67745762E-03  2.01966204E-02  3.30380164E-02 -2.50694659E-02  4.68317559E-03 -2.09645554E-02  1.09703019E-02  2.33991668E-02  1.36333276E-02 -1.34157657E-03  2.08130828E-03  1.84137356E-02  9.22727119E-03  3.53130735E-02  9.75276064E-03 -1.08247763E-03  3.06751560E-02  2.31915480E-03
           7 ::place::::   0.11872065      0.79093111      0.61765051      0.24940646      0.47663939      0.22461158      0.22854596      0.81870610      0.50255799      0.88969040      7.71446824E-02  0.72013634      0.58832532      0.39680052      0.61530215      0.95399117      0.98246658      0.41121691      0.15466177      0.50122833      0.86738098      0.83550835      0.76456910      0.14990664      0.94775486      0.84624344      0.26732069      0.78499746      0.69144696      0.81267583      0.74314499      0.33468240      0.86385977      0.92118084      1.92432404E-02  0.88659960      0.18024099      0.15381020    
           7 ::speed::::  -6.83115749E-03  9.18321013E-02 -6.34859577E-02  2.79632695E-02  2.06161733E-03 -4.65904586E-02 -9.76291671E-02 -1.04368208E-02  2.19305400E-02 -5.95061071E-02  4.88463156E-02  1.57901999E-02  4.89660017E-02 -9.27498117E-02 -1.86778437E-02 -4.56803106E-02 -6.63939640E-02  2.07563043E-02 -4.22174335E-02 -2.31748577E-02 -5.20393141E-02  1.79047473E-02 -9.47060734E-02  5.67316897E-02  3.82040744E-03  6.07130537E-03 -6.22907281E-02 -4.30228701E-03  2.48677023E-02  3.82775068E-02  1.29668955E-02 -8.77555236E-02 -5.59233800E-02 -2.00841073E-02 -2.22130176E-02  2.54348051E-02  2.34005451E-02 -6.05706684E-02
           7 ::place::::    92.720657       298.31555       102.96941       334.63855       138.45685       404.06754       357.60995       86.979828       174.56212       254.39122       339.98453       206.33481       248.11150       294.04660       94.842560       322.70511       315.16238       60.388641       115.26526       80.651337       59.743790       424.19598       349.03030       424.26324       348.48749       92.282471       333.00854       159.35219       32.084614       217.67941       351.72791       337.73157       277.78717       179.37778       351.65927       64.552292       113.73141       316.63138    
          10 ::place::::  -9.35460851E-02  0.13691832     -7.84501061E-02 -0.13394344     -0.16994777      7.51489550E-02  0.15366219      0.12952279     -4.65143472E-02 -2.16928124E-03  0.10632111      7.15231448E-02  0.17548706      0.18092887      0.17238076      8.20406824E-02 -0.10249574     -0.10109601     -0.16058061     -6.65505379E-02 -0.11188912     -0.19103251     -0.15130547     -6.01503253E-03  0.11023645     -0.17001183     -0.16386659     -0.18574099     -1.06541216E-02 -0.14091134     -5.66900522E-02 -9.15114880E-02 -6.89932853E-02  2.90974677E-02 -7.34637678E-02 -9.55536962E-03  0.10069089     -3.82341146E-02
          10 ::speed::::  -5.77222835E-03 -1.62815489E-02 -1.70445448E-04 -9.62928310E-03  3.80480778E-03 -3.48990448E-02  2.19857749E-02 -1.57850552E-02  3.71343195E-02 -2.14206129E-02 -2.95601226E-02  3.87493223E-02 -8.89308006E-03  3.88065316E-02  2.59235688E-02 -2.68284883E-02 -1.09196668E-02 -3.39892693E-02  3.78002413E-02  1.33841755E-02 -9.67745762E-03  2.01966204E-02  3.30380164E-02 -2.50694659E-02  4.68317559E-03 -2.09645554E-02  1.09703019E-02  2.33991668E-02  1.36333276E-02 -1.34157657E-03  2.08130828E-03  1.84137356E-02  9.22727119E-03  3.53130735E-02  9.75276064E-03 -1.08247763E-03  3.06751560E-02  2.31915480E-03
          10 ::place::::   0.11872065      0.79093111      0.61765051      0.24940646      0.47663939      0.22461158      0.22854596      0.81870610      0.50255799      0.88969040      7.71446824E-02  0.72013634      0.58832532      0.39680052      0.61530215      0.95399117      0.98246658      0.41121691      0.15466177      0.50122833      0.86738098      0.83550835      0.76456910      0.14990664      0.94775486      0.84624344      0.26732069      0.78499746      0.69144696      0.81267583      0.74314499      0.33468240      0.86385977      0.92118084      1.92432404E-02  0.88659960      0.18024099      0.15381020    
          10 ::speed::::  -6.83115749E-03  9.18321013E-02 -6.34859577E-02  2.79632695E-02  2.06161733E-03 -4.65904586E-02 -9.76291671E-02 -1.04368208E-02  2.19305400E-02 -5.95061071E-02  4.88463156E-02  1.57901999E-02  4.89660017E-02 -9.27498117E-02 -1.86778437E-02 -4.56803106E-02 -6.63939640E-02  2.07563043E-02 -4.22174335E-02 -2.31748577E-02 -5.20393141E-02  1.79047473E-02 -9.47060734E-02  5.67316897E-02  3.82040744E-03  6.07130537E-03 -6.22907281E-02 -4.30228701E-03  2.48677023E-02  3.82775068E-02  1.29668955E-02 -8.77555236E-02 -5.59233800E-02 -2.00841073E-02 -2.22130176E-02  2.54348051E-02  2.34005451E-02 -6.05706684E-02
          10 ::place::::    92.720657       298.31555       102.96941       334.63855       138.45685       404.06754       357.60995       86.979828       174.56212       254.39122       339.98453       206.33481       248.11150       294.04660       94.842560       322.70511       315.16238       60.388641       115.26526       80.651337       59.743790       424.19598       349.03030       424.26324       348.48749       92.282471       333.00854       159.35219       32.084614       217.67941       351.72791       337.73157       277.78717       179.37778       351.65927       64.552292       113.73141       316.63138    
          10 ::speed::::    31.041214       8.1019831       7.5587034      -36.302940      -19.398365      -31.939306       10.031176       13.573985      -20.750799      -37.398701       25.125481      -23.026171      -35.769711      -29.943386      -29.241291      -17.058376      -7.7853875       39.285133       2.6961136      -19.376087      -26.613188       13.395386       6.4975834      -26.072784      -13.988558      -2.8229761       11.290469       16.615391       25.810369       36.696053      -15.962640       2.3790073      -6.1274529       25.516453      -12.001014       18.947540      -6.4364195       16.371151    
          10 ::place::::   0.17239439       1.0859284       1.9022647      0.47642779       1.8707139      8.60989094E-03   1.7941868       1.5238086       1.4925938       1.2854694      8.55095387E-02   1.9589680      0.82394016       1.3471291       1.0137409      0.37354767       1.96215           2 ::speed::::    18.531475       34.557381      -33.494331      -36.728802       2.5587368       26.049444       11.045103       20.847801      -31.201679       38.550598       4.2723703      -13.742147       7.5506644      -33.976028       39.504395      -1.4067698      -1.6006708       9.6858072      -38.229473      -29.487822      -20.281740       12.948318       25.206709      -13.072777       10.479479      -16.177441       33.880287       5.4651690       7.2110848      -20.572090      -23.806801       32.249496       1.4243793       7.6784806      -23.079586      -1.0368347      -3.5285380       33.584236    
           2 ::place::::    1.5882580      0.36549366       1.9391721       1.9193772       1.6156383      0.47271085       1.8807281       1.4310533       1.6122028      0.46087301       1.4868312      0.29482615       1.0010324      0.47583282       1.6771281      0.85686088       1.8299133       1.5756025       1.3954258       1.0850921      0.50562227       1.8328040      6.21532202E-02   1.0238980      0.83638823       1.5607350      0.76096916       1.2823761       1.0001148       1.0006750       1.9651289       1.0042943       1.9048102       1.3455824       1.9944737       1.2020719      0.16698372       1.2108132    
           2 ::speed::::  -0.16443565      0.10907443     -3.45475450E-02 -0.19877298     -4.81287725E-02 -8.61453339E-02 -0.15182832      0.10348990      0.18531147     -0.11385780      3.02716251E-02  8.64582062E-02 -1.31928688E-02 -0.11549492     -0.14528047      6.85041174E-02 -0.17304368     -0.19623995     -4.32884693E-03 -9.22354683E-02 -0.15860596     -6.36522546E-02 -0.19748406     -1.22924810E-02  2.29918957E-02 -0.16363452      2.60510687E-02 -5.79929836E-02 -9.69200879E-02  0.12060287      8.74476954E-02 -0.10264891     -0.14164834     -0.10528970     -5.65005541E-02  0.19344237      1.40155796E-02 -0.14275804    
16       1.1324037      0.20758128       1.2602143       1.8978392      0.90314531      0.87881279      0.67985976      0.74473917       1.7878973       1.6621093      0.65421414       1.6777886       1.9589950       1.9788687       1.2653228      0.57282710       1.8890357       1.4165362      0.19377565      0.72897685      0.82540405    
          10 ::speed::::   0.16388826      0.11756847     -5.56299202E-02 -0.17985395      6.54602796E-02 -0.16753164     -4.15023565E-02 -0.17596495     -1.58451330E-02 -8.14441666E-02 -5.20828478E-02  0.10988915     -3.21773998E-02 -1.85524225E-02 -9.66451913E-02  8.66205711E-03  1.56325828E-02  5.61512969E-02  0.14231665     -0.18882091     -0.17659174     -0.13456824     -5.06655686E-02 -0.13933297     -0.15755229      0.14226548      3.42270620E-02  0.10885268      0.10160647      0.11466117     -0.17677949     -0.14004572     -7.73456097E-02 -0.12934868     -6.63781390E-02 -0.13019824     -3.95638011E-02  5.39005063E-02
           1 ::place::::    92.720657       298.31555       102.96941       334.63855       138.45685       404.06754       357.60995       86.979828       174.56212       254.39122       339.98453       206.33481       248.11150       294.04660       94.842560       322.70511       315.16238       60.388641       115.26526       80.651337       59.743790       424.19598       349.03030       424.26324       348.48749       92.282471       333.00854       159.35219       32.084614       217.67941       351.72791       337.73157       277.78717       179.37778       351.65927       64.552292       113.73141       316.63138    
           1 ::speed::::    31.041214       8.1019831       7.5587034      -36.302940      -19.398365      -31.939306       10.031176       13.573985      -20.750799      -37.398701       25.125481      -23.026171      -35.769711      -29.943386      -29.241291      -17.058376      -7.7853875       39.285133       2.6961136      -19.376087      -26.613188       13.395386       6.4975834      -26.072784      -13.988558      -2.8229761       11.290469       16.615391       25.810369       36.696053      -15.962640       2.3790073      -6.1274529       25.516453      -12.001014       18.947540      -6.4364195       16.371151    
           7 ::speed::::    31.041214       8.1019831       7.5587034      -36.302940      -19.398365      -31.939306       10.031176       13.573985      -20.750799      -37.398701       25.125481      -23.026171      -35.769711      -29.943386      -29.241291      -17.058376      -7.7853875       39.285133       2.6961136      -19.376087      -26.613188       13.395386       6.4975834      -26.072784      -13.988558      -2.8229761       11.290469       16.615391       25.810369       36.696053      -15.962640       2.3790073      -6.1274529       25.516453      -12.001014       18.947540      -6.4364195       16.371151    
           7 ::place::::   0.17239439       1.0859284       1.9022647      0.47642779       1.8707139      8.60989094E-03   1.7941868       1.5238086       1.4925938       1.2854694      8.55095387E-02   1.9589680      0.82394016       1.3471291       1.0137409      0.37354767       1.9621516       1.1324037      0.20758128       1.2602143       1.8978392      0.90314531      0.87881279      0.67985976      0.74473917       1.7878973       1.6621093      0.65421414       1.6777886       1.9589950       1.9788687       1.2653228      0.57282710       1.8890357       1.4165362      0.19377565      0.72897685      0.82540405    
           7 ::speed::::   0.16388826      0.11756847     -5.56299202E-02 -0.17985395      6.54602796E-02 -0.16753164     -4.15023565E-02 -0.17596495     -1.58451330E-02 -8.14441666E-02 -5.20828478E-02  0.10988915     -3.21773998E-02 -1.85524225E-02 -9.66451913E-02  8.66205711E-03  1.56325828E-02  5.61512969E-02  0.14231665     -0.18882091     -0.17659174     -0.13456824     -5.06655686E-02 -0.13933297     -0.15755229      0.14226548      3.42270620E-02  0.10885268      0.10160647      0.11466117     -0.17677949     -0.14004572     -7.73456097E-02 -0.12934868     -6.63781390E-02 -0.13019824     -3.95638011E-02  5.39005063E-02
           1 ::place::::   0.17239439       1.0859284       1.9022647      0.47642779       1.8707139      8.60989094E-03   1.7941868       1.5238086       1.4925938       1.2854694      8.55095387E-02   1.9589680      0.82394016       1.3471291       1.0137409      0.37354767       1.9621516       1.1324037      0.20758128       1.2602143       1.8978392      0.90314531      0.87881279      0.67985976      0.74473917       1.7878973       1.6621093      0.65421414       1.6777886       1.9589950       1.9788687       1.2653228      0.57282710       1.8890357       1.4165362      0.19377565      0.72897685      0.82540405    
           1 ::speed::::   0.16388826      0.11756847     -5.56299202E-02 -0.17985395      6.54602796E-02 -0.16753164     -4.15023565E-02 -0.17596495     -1.58451330E-02 -8.14441666E-02 -5.20828478E-02  0.10988915     -3.21773998E-02 -1.85524225E-02 -9.66451913E-02  8.66205711E-03  1.56325828E-02  5.61512969E-02  0.14231665     -0.18882091     -0.17659174     -0.13456824     -5.06655686E-02 -0.13933297     -0.15755229      0.14226548      3.42270620E-02  0.10885268      0.10160647      0.11466117     -0.17677949     -0.14004572     -7.73456097E-02 -0.12934868     -6.63781390E-02 -0.13019824     -3.95638011E-02  5.39005063E-02
          10          10           1
           8 ::place::::   0.18730392     -4.95155305E-02 -0.15865688     -4.77439910E-02  4.84272987E-02  4.97736484E-02  0.19259481      0.18144448      1.67987347E-02  6.69291466E-02 -7.61673450E-02  9.05358642E-02  0.11849295      1.71556771E-02 -8.47330838E-02 -0.15453477      8.22407156E-02  0.17747797     -3.09869796E-02 -1.61559880E-02 -0.10342284     -0.19043489     -0.17020300      0.11658372      9.30463821E-02 -3.50692570E-02 -0.11997862      8.03545862E-02 -0.16692381      3.32470834E-02  0.17667095     -0.16697760     -0.12608261      0.13590185     -0.13383861      0.17408399      0.16928388     -0.13267143    
           8 ::speed::::   3.41507755E-02 -2.08038483E-02  9.54723358E-03  2.84532607E-02 -2.61639128E-03  3.88727197E-03 -3.97095690E-03  1.48708541E-02 -6.20911596E-03  3.61853130E-02  2.14472767E-02  2.96623688E-02 -1.12097841E-02 -1.70622226E-02  1.78024769E-02 -1.30156195E-02  3.17631215E-02 -1.31354330E-03  5.22258272E-03 -2.07834113E-02 -9.54721961E-03 -1.10881282E-02 -9.70726018E-04 -3.31428871E-02 -2.54987534E-02  2.16756500E-02 -5.40514011E-04 -2.86603272E-02 -3.09881605E-02 -3.13953124E-02  3.19284908E-02 -2.00947095E-02  1.61378440E-02 -1.85976233E-02 -2.48195454E-02  3.98953594E-02 -2.75021996E-02 -1.31322341E-02
           8 ::place::::   0.44733083      0.12319785      0.50067538      0.15015894      3.77062559E-02  0.59085840      0.73557550      0.80365920      0.22419673      0.31910259      0.17362744      0.21944922      0.68423182      3.32975388E-02  0.54154921      0.29078895      0.87609184      0.59158772      0.52649724      0.60606396      0.55936146      0.33947212      0.36896670      0.27696538      0.18468511      0.53808105      0.25184810      6.00969791E-03  0.46720958      0.58035630      0.29641867      2.38479376E-02  0.74239415      0.12664068      0.74859864      0.97989994      0.83995819      0.63604587    
           8 ::speed::::  -3.85182276E-02 -3.48777287E-02  2.16473695E-02  3.97254229E-02 -6.36902377E-02 -7.78798237E-02 -7.01999292E-02 -2.22086906E-04 -4.63000424E-02 -2.31904741E-02  8.50774571E-02  3.62461209E-02  3.49506848E-02 -7.30730221E-02  2.32380759E-02 -7.26428851E-02  3.79323363E-02 -2.70894654E-02  4.10459638E-02 -5.18286824E-02  7.20994398E-02 -1.96305048E-02  6.43986240E-02 -4.56039310E-02 -2.54691597E-02 -4.76254486E-02  6.81340471E-02  6.30370751E-02  9.26515386E-02  2.12513097E-02  5.82286827E-02 -5.13412356E-02 -7.69707933E-02 -4.50165980E-02  5.50133698E-02 -4.77312831E-03  3.05146333E-02 -4.48541045E-02
           8 ::place::::    213.38457       290.35895       35.922676       306.08954       266.43796       238.14075       253.39114       45.804745       45.178322       46.440510       275.05417       126.62101       96.967987       46.817879       57.257347       63.174728       405.72888       52.746231       76.461609       425.83734       200.34538       373.84985       173.04504       270.42389       419.93839       374.34619       207.49655       291.31488       82.706100       234.59514       366.01764       397.30722       46.952324       164.76343       321.77628       72.840881       228.29207       204.57980    
           8 ::speed::::   0.91612816      -31.459236      -2.0033884      -38.432388      -34.081139      -2.8168440      -8.9537811      -10.310016       28.246403      -3.8142014       25.469980      -29.587109       24.884987       1.3869381      0.18996239      -29.632210      -20.040611      -7.8471661       33.729969      -39.841206       23.064991       26.065960       25.395033      -18.712830      -25.490316      -18.705606      -11.657891      -22.068687       8.0212879       14.716887       28.327709      -2.8590965      -34.072762       18.541470       30.302849       33.760212      -31.977182       15.610056    
           8 ::place::::   0.75231504      0.50600898       1.1115329      0.43454325      6.67425394E-02  0.83784974       1.8062394      0.26174200      0.16021347       1.2636765      0.16186464       1.3424684       1.3413633       1.6665058       1.8073707       1.0426755       1.6093290       1.6245923       1.5117981       1.9422367       1.1095033      0.11362898       1.0157523      0.15981936       1.6715117       1.4840900      0.65128815      0.78845417       1.7201290      0.48914623       1.7573615       1.3412447      2.28663683E-02  0.79763448      0.31851625       1.6100360      0.47185278       1.8179944    
          10          10           1
           9 ::place::::  -0.13104196     -5.99177182E-03 -5.36552221E-02  9.98581201E-02  3.35663855E-02  9.51224715E-02 -3.51651907E-02  9.61842984E-02 -3.35291326E-02  0.18720604      0.16750754      9.82062966E-02  0.11731939     -3.98655236E-02  4.43064868E-02 -0.10073703     -0.18482839      0.19909041      0.19961093     -0.17345254      7.34250695E-02 -9.19699445E-02  1.91420019E-02 -7.77767226E-02 -4.01261449E-03  0.12883605      0.17695500     -5.31748235E-02  0.11834861      0.14959873     -0.17633639      7.17997104E-02 -3.17959487E-02 -0.11034520      6.15859479E-02 -1.16975605E-03 -8.74675065E-02  8.94640833E-02
           9 ::speed::::   2.94565652E-02 -2.88679148E-03  1.43366773E-02 -6.25566998E-03  1.76721867E-02 -3.83170061E-02  3.99690978E-02 -2.26916503E-02  4.89268312E-03 -1.13055948E-02 -8.85241572E-03 -7.15656322E-04 -4.75008506E-03 -3.42938341E-02 -2.22094785E-02  3.31774168E-02 -1.36882542E-02 -6.28207717E-03 -4.73885564E-04 -7.21187622E-04  2.78550386E-02 -6.41997857E-03  1.77704059E-02  2.97896210E-02 -5.39708126E-04  3.15298662E-02 -7.01879058E-03 -3.54957171E-02  1.01784049E-02 -2.33576167E-02 -1.97106600E-02  4.02966049E-03  5.01512550E-03 -1.87866017E-02 -2.77886372E-02 -3.28038703E-03  2.22506095E-02 -1.00068664E-02
           9 ::place::::   0.72572678      0.45735061      0.39288908      4.21844125E-02  2.94479728E-02  0.91984475      0.29207319      0.32659453      0.50574863      0.37355262      3.85739207E-02  0.31055242      0.81375009      0.94192940      0.90315646      0.89434856      0.95052791      0.92349547      0.68971187      0.37200457      0.25859624      0.80887699      0.97101378      0.68315583      0.80821151      0.93285763      0.38788742      0.37123543      0.96201909      0.94003135      0.31570613      0.44581032      0.85194409      0.24544048      0.60323024      0.83066916      0.27342629      0.22571987    
           9 ::speed::::  -8.52018595E-03 -6.38305098E-02  5.46714067E-02 -4.33090813E-02 -3.27438973E-02 -9.66359749E-02  7.38351494E-02 -4.68828669E-03 -1.67298075E-02 -9.19818655E-02  3.29764746E-02 -5.40923737E-02 -4.12243009E-02 -6.18693344E-02  4.31524180E-02  7.04733655E-02  5.07221334E-02  9.59631577E-02 -3.45210321E-02  1.56083349E-02 -4.80747707E-02  5.35666943E-04  6.88107032E-03 -8.84179845E-02  3.89685147E-02  5.70841320E-02  5.88797703E-02  6.49862513E-02  6.00205688E-03 -8.23443159E-02  3.73655558E-03 -9.24630985E-02  2.32527982E-02  6.60805702E-02  1.35010127E-02 -2.18181498E-02  7.72360489E-02 -4.65226546E-02
           9 ::place::::    155.33862       252.40228       124.87216       242.66530       426.38361       341.75211       145.56326       70.503738       136.09625       225.33252       100.24882       161.95912       342.23273       406.26624       103.91023       139.21490       185.87755       183.15538       183.25847       323.51135       394.63950       332.22766       305.44324       286.07251       242.47299       95.227768       355.91751       330.73294       41.197708       266.56256       410.11478       44.738419       405.93781       345.54724       143.07030       410.25650       318.01544       279.00458    
           9 ::speed::::    22.987728       37.183933       18.596296       26.984634       11.562061      -30.785128       17.140369       11.746736       12.986985       17.951441      -9.8343086       19.806643       21.767969      -36.921803      -7.3916817       39.232037       13.242264      -19.436649      -16.349154      -7.4614100       21.903273      -8.5734940      -28.430506       14.033953       29.580259      -23.292408       3.8935997       13.489781       8.4956837       25.899591       21.161060       13.141576      -16.174507      -12.444892       9.1245413       26.680777      -9.6916151       4.1810417    
           9 ::place::::    1.8629795      9.72766876E-02   1.8066303      0.29360247      0.79271424       1.0061903      0.77374279      0.28447950       1.7750411       1.6625865      0.22510123      0.70120025      0.49766076      0.68045044      0.8           8 ::speed::::  -3.57048516E-03 -0.15425995      1.06389765E-02 -0.16105580      7.11513087E-02 -6.28922954E-02 -0.18130076     -1.36975292E-02 -4.79226112E-02  0.17492822     -0.18141298      2.10076328E-02  0.15415795      1.97549816E-02  0.15522774      5.42826429E-02  0.17447682      0.10662506     -0.19018038      3.87386791E-02  2.32644076E-03  3.70384715E-02 -2.11276542E-02  0.11577618     -1.40839340E-02 -3.94382477E-02  2.22339872E-02  6.71529993E-02 -3.37273143E-02  0.13050523      0.12574191     -0.19242361     -0.15335636      2.62018200E-02 -6.23334162E-02 -8.90848637E-02  6.39791712E-02  0.17934370    
1070733       1.6145828      0.52800632       1.0598483       1.5533667      0.35792661      0.97585118      0.90287697      0.57225859       1.8615503       1.7176371      0.57210195      0.19062376       1.9094312      0.95944345      0.87688994      0.15383971       1.0861145      0.85901940      0.67768073       1.1705848       1.5441293       1.4656971      0.67892122    
           9 ::speed::::   0.13790846      0.18582058     -8.70977864E-02  0.14845824     -7.06001073E-02  3.80820744E-02 -0.12175780     -2.00331211E-03  0.18454838     -0.14935963      0.19328804      2.39753965E-02 -0.10807271     -4.70738895E-02 -0.16559838      0.17307866      0.18553667     -0.13861780     -1.41058443E-02 -0.12078536      9.37306881E-02 -8.45389348E-03 -7.56057054E-02  3.37255262E-02 -0.10634475      5.83107490E-03 -5.96571229E-02 -0.18955195      0.12529145      7.89160058E-02  0.10050631     -8.58428515E-03 -2.33045816E-02  9.31957960E-02  0.15363057     -0.14755774      0.14216720      3.39256041E-02
          10          10           1
           5 ::place::::  -0.13104196     -5.99177182E-03 -5.36552221E-02  9.98581201E-02  3.35663855E-02  9.51224715E-02 -3.51651907E-02  9.61842984E-02 -3.35291326E-02  0.18720604      0.16750754      9.82062966E-02  0.11731939     -3.98655236E-02  4.43064868E-02 -0.10073703     -0.18482839      0.19909041      0.19961093     -0.17345254      7.34250695E-02 -9.19699445E-02  1.91420019E-02 -7.77767226E-02 -4.01261449E-03  0.12883605      0.17695500     -5.31748235E-02  0.11834861      0.14959873     -0.17633639      7.17997104E-02 -3.17959487E-02 -0.11034520      6.15859479E-02 -1.16975605E-03 -8.74675065E-02  8.94640833E-02
           5 ::speed::::   2.94565652E-02 -2.88679148E-03  1.43366773E-02 -6.25566998E-03  1.76721867E-02 -3.83170061E-02  3.99690978E-02 -2.26916503E-02  4.89268312E-03 -1.13055948E-02 -8.85241572E-03 -7.15656322E-04 -4.75008506E-03 -3.42938341E-02 -2.22094785E-02  3.31774168E-02 -1.36882542E-02 -6.28207717E-03 -4.73885564E-04 -7.21187622E-04  2.78550386E-02 -6.41997857E-03  1.77704059E-02  2.97896210E-02 -5.39708126E-04  3.15298662E-02 -7.01879058E-03 -3.54957171E-02  1.01784049E-02 -2.33576167E-02 -1.97106600E-02  4.02966049E-03  5.01512550E-03 -1.87866017E-02 -2.77886372E-02 -3.28038703E-03  2.22506095E-02 -1.00068664E-02
           5 ::place::::   0.72572678      0.45735061      0.39288908      4.21844125E-02  2.94479728E-02  0.91984475      0.29207319      0.32659453      0.50574863      0.37355262      3.85739207E-02  0.31055242      0.81375009      0.94192940      0.90315646      0.89434856      0.95052791      0.92349547      0.68971187      0.37200457      0.25859624      0.80887699      0.97101378      0.68315583      0.80821151      0.93285763      0.38788742      0.37123543      0.96201909      0.94003135      0.31570613      0.44581032      0.85194409      0.24544048      0.60323024      0.83066916      0.27342629      0.22571987    
           5 ::speed::::  -8.52018595E-03 -6.38305098E-02  5.46714067E-02 -4.33090813E-02 -3.27438973E-02 -9.66359749E-02  7.38351494E-02 -4.68828669E-03 -1.67298075E-02 -9.19818655E-02  3.29764746E-02 -5.40923737E-02 -4.12243009E-02 -6.18693344E-02  4.31524180E-02  7.04733655E-02  5.07221334E-02  9.59631577E-02 -3.45210321E-02  1.56083349E-02 -4.80747707E-02  5.35666943E-04  6.88107032E-03 -8.84179845E-02  3.89685147E-02  5.70841320E-02  5.88797703E-02  6.49862513E-02  6.00205688E-03 -8.23443159E-02  3.73655558E-03 -9.24630985E-02  2.32527982E-02  6.60805702E-02  1.35010127E-02 -2.18181498E-02  7.72360489E-02 -4.65226546E-02
           5 ::place::::    155.33862       252.40228       124.87216       242.66530       426.38361       341.75211       145.56326       70.503738       136.09625       225.33252       100.24882       161.95912       342.23273       406.26624       103.91023       139.21490       185.87755       183.15538       183.25847       323.51135       394.63950       332.22766       305.44324       286.07251       242.47299       95.227768       355.91751       330.73294       41.197708       266.56256       410.11478       44.738419       405.93781       345.54724       143.07030       410.25650       318.01544       279.00458    
           5 ::speed::::    22.987728       37.183933       18.596296       26.984634       11.562061      -30.785128       17.140369       11.746736       12.986985       17.951441      -9.8343086       19.806643       21.767969      -36.921803      -7.3916817       39.232037       13.242264      -19.436649      -16.349154      -7.4614100       21.903273      -8.5734940      -28.430506       14.033953       29.580259      -23.292408       3.8935997       13.489781       8.4956837       25.899591       21.161060       13.141576      -16.174507      -12.444892       9.1245413       26.680777      -9.6916151       4.1810417    
           5 ::place::::    1.8629795      9.72766876E-02   1.8066303      0.29360247      0.79271424       1.0061903      0.77374279      0.28447950       1.7750411       1.6625865      0.22510123      0.70120025      0.49766076      0.68045044      0.81070733       1.6145828      0.528006          10          10           1
           3 ::place::::   0.16360034     -7.50760809E-02 -0.19130842     -1.50850564E-02 -0.11983671      2.34623849E-02 -9.85551402E-02 -4.22079861E-03 -0.19968227     -1.01378709E-02 -9.61342454E-03  0.15967311      3.47426832E-02 -0.19096322      5.66660613E-02 -9.13150609E-03  3.60001028E-02 -8.32511708E-02  0.19626357      0.12639220      4.43573743E-02 -5.48719615E-02 -0.19680047     -0.19932191     -0.11671820      2.59553194E-02  0.16914828     -2.78267264E-03 -3.21322978E-02  2.91555375E-02 -0.17462741     -6.81352615E-03  0.19619958      2.48192251E-02 -0.12494995     -4.47471887E-02 -9.75283906E-02 -0.10126217    
           3 ::speed::::   1.76145900E-02  4.96733701E-03  2.67651230E-02 -4.08406276E-03 -3.41861099E-02  2.18129307E-02  3.37547548E-02  1.02852639E-02 -1.42005356E-02 -3.70946750E-02  2.69757565E-02 -2.66261306E-02 -3.93564850E-02  9.39306803E-03 -3.18850726E-02  3.89179066E-02 -3.38287130E-02 -2.66790241E-02  3.75457928E-02  1.58986577E-03  3.20736095E-02 -9.79840290E-03  2.30428409E-02  7.71294162E-03 -3.03807557E-02 -7.00950623E-03  3.09831705E-02  7.41688255E-03  2.83749979E-02  7.69394403E-03  3.57106216E-02 -3.07154991E-02  9.84118041E-03  2.04853304E-02 -3.63794789E-02  2.20951578E-03 -7.51071516E-03 -3.19778733E-02
           3 ::place::::   0.42759711      0.67845541      0.61965024      0.29766750      0.84049767      0.78427851      0.98973697      0.94382894      0.35599756      0.17458087      0.33723843      0.44123679      0.99952227      0.19983333      0.96210402      0.30485654      0.42326403      0.23901951      0.12882322      0.63176614      0.56065488      0.77532738      0.66215980      0.55448484      0.11054581      0.90371960      0.43709588      0.14079958      0.94400185      0.38952798      6.85402751E-02  0.56204677      0.38691580      0.29665864      0.77983248      0.72647995      0.62508863      0.86095369    
           3 ::speed::::  -4.23104651E-02  6.90574050E-02  4.84266393E-02 -6.22474216E-02  7.83554688E-02 -5.00852242E-02  5.28306849E-02  8.21651965E-02 -1.44258142E-02  9.73902941E-02 -2.15734243E-02 -3.96486633E-02  2.61267778E-02 -1.78373586E-02  6.14407323E-02 -9.10913348E-02  6.30726591E-02  7.27022216E-02  8.42244029E-02  1.68415310E-03  5.62753566E-02  5.87352626E-02  7.21464306E-02 -5.43193221E-02 -3.33359018E-02  4.33667563E-02  4.29871567E-02  8.41153879E-03  9.43548679E-02  3.08269262E-02 -9.18506533E-02  1.45726325E-02 -9.95057821E-02 -1.28956912E-02  8.31826963E-03 -2.63643153E-02  5.03874794E-02  4.60892916E-02
           3 ::place::::    226.34615       105.60995       53.149563       215.42216       345.63126       257.70462       403.08521       402.10147       406.71509       128.82770       316.55002       97.974731       145.29109       265.76434       341.64008       333.10883       311.35873       215.44151       318.42133       387.82553       329.40942       67.542679       50.976425       202.26762       52.356392       222.70981       386.19339       267.12766       107.23064       307.84662       246.84830       118.31024       110.58929       353.12903       48.577267       288.47635       403.72089       190.77840    
           3 ::speed::::    31.957827       37.759933      -22.483126       5.5573988      -23.952337       11.510963       6.0247087       10.005531       8.4048223      -22.994251       34.122322      0.29629230      -7.6545620       29.608177      -37.758007      -14.426723       3.5026171       35.627468      -33.360653      -35.300480       32.491230      -39.587852       16.691446      -26.943132      -13.521242      -10.793371       27.058918       32.920273      -39.614769      -25.900459      -18.143501       26.414242      -13.952986       22.120415      -14.659400       2.7754974       10.258284       17.512175    
           3 ::place::::    1.2142189       1.4678807       1.9610810       1.5638965       1.4903814       1.5183653      0.98480308      0.45766783      0.87698317      9.35159922E-02   1.8317288      0.36682546      0.29717362       1.8008466      9.05473232E-02  0.96801162      0.15838623       1.3466755      0.56782639      0.51274014       1.4682533      0.38564515       1.2603152       1.3022373      0.39086986      0.40644276       1.4178189      0.77915561      0.64407253      0.79972851      0.48394442       1.5965134      0.21519804      0.39901006      0.34043324      0.37838769      0.37024248       1.7468779    
           3 ::speed::::  -0.19479389      2.28309640E-04 -5.49161695E-02 -6.53248802E-02 -0.17508452     -0.10692067      6.93770200E-02 -6.50942549E-02 -0.17080568      7.21004754E-02 -0.10026131     -8.87660012E-02 -0.14873646      0.18910597      0.12759700      4.62365162E-04 -3.90151739E-02  8.00428912E-02 -0.18881445      1.26643181E-02 -0.13817672      0.13381064     -1.78264380E-02 -4.88931201E-02 -3.82558107E-02  2.60324473E-03 -6.00154176E-02 -0.17972246     -0.17089219     -0.12763143     -0.13956960     -0.14617021     -1.30953072E-02 -0.18939073     -4.96951118E-02  0.15465955     -0.19929586      7.84617215E-02
32       1.0598483       1.5533667      0.35792661      0.97585118      0.90287697      0.57225859       1.8615503       1.7176371      0.57210195      0.19062376       1.9094312      0.95944345      0.87688994      0.15383971       1.0861145      0.85901940      0.67768073       1.1705848       1.5441293       1.4656971      0.67892122    
           5 ::speed::::   0.13790846      0.18582058     -8.70977864E-02  0.14845824     -7.06001073E-02  3.80820744E-02 -0.12175780     -2.00331211E-03  0.18454838     -0.14935963      0.19328804      2.39753965E-02 -0.10807271     -4.70738895E-02 -0.16559838      0.17307866      0.18553667     -0.13861780     -1.41058443E-02 -0.12078536      9.37306881E-02 -8.45389348E-03 -7.56057054E-02  3.37255262E-02 -0.10634475      5.83107490E-03 -5.96571229E-02 -0.18955195      0.12529145      7.89160058E-02  0.10050631     -8.58428515E-03 -2.33045816E-02  9.31957960E-02  0.15363057     -0.14755774      0.14216720      3.39256041E-02
